 18-Mar-2019
    15:36:04
    meshr   mse    ng   mxl
      400   201    15     3



   data read in
   go=spc  file=data/fe                                                         
   brvtyp=bcc     a=  5.27000  c/a= 0.00000  b/a= 0.00000
   alpha=  0.0  beta=  0.0  gamma=  0.0
   edelt= 1.0E-03  ewidth=  1.000  reltyp=sra    sdftyp=mjwasa   
   magtyp=mag 
   record=init  outtyp=quit    bzqlty=4       
   maxitr=  1  pmix= 0.03500
   ntyp=  1  natm=  1  ncmpx=  1


   complex energy mesh
   1( -0.7500, 0.0010)   2( -0.7450, 0.0010)   3( -0.7400, 0.0010) 
   4( -0.7350, 0.0010)   5( -0.7300, 0.0010)   6( -0.7250, 0.0010) 
   7( -0.7200, 0.0010)   8( -0.7150, 0.0010)   9( -0.7100, 0.0010) 
  10( -0.7050, 0.0010)  11( -0.7000, 0.0010)  12( -0.6950, 0.0010) 
  13( -0.6900, 0.0010)  14( -0.6850, 0.0010)  15( -0.6800, 0.0010) 
  16( -0.6750, 0.0010)  17( -0.6700, 0.0010)  18( -0.6650, 0.0010) 
  19( -0.6600, 0.0010)  20( -0.6550, 0.0010)  21( -0.6500, 0.0010) 
  22( -0.6450, 0.0010)  23( -0.6400, 0.0010)  24( -0.6350, 0.0010) 
  25( -0.6300, 0.0010)  26( -0.6250, 0.0010)  27( -0.6200, 0.0010) 
  28( -0.6150, 0.0010)  29( -0.6100, 0.0010)  30( -0.6050, 0.0010) 
  31( -0.6000, 0.0010)  32( -0.5950, 0.0010)  33( -0.5900, 0.0010) 
  34( -0.5850, 0.0010)  35( -0.5800, 0.0010)  36( -0.5750, 0.0010) 
  37( -0.5700, 0.0010)  38( -0.5650, 0.0010)  39( -0.5600, 0.0010) 
  40( -0.5550, 0.0010)  41( -0.5500, 0.0010)  42( -0.5450, 0.0010) 
  43( -0.5400, 0.0010)  44( -0.5350, 0.0010)  45( -0.5300, 0.0010) 
  46( -0.5250, 0.0010)  47( -0.5200, 0.0010)  48( -0.5150, 0.0010) 
  49( -0.5100, 0.0010)  50( -0.5050, 0.0010)  51( -0.5000, 0.0010) 
  52( -0.4950, 0.0010)  53( -0.4900, 0.0010)  54( -0.4850, 0.0010) 
  55( -0.4800, 0.0010)  56( -0.4750, 0.0010)  57( -0.4700, 0.0010) 
  58( -0.4650, 0.0010)  59( -0.4600, 0.0010)  60( -0.4550, 0.0010) 
  61( -0.4500, 0.0010)  62( -0.4450, 0.0010)  63( -0.4400, 0.0010) 
  64( -0.4350, 0.0010)  65( -0.4300, 0.0010)  66( -0.4250, 0.0010) 
  67( -0.4200, 0.0010)  68( -0.4150, 0.0010)  69( -0.4100, 0.0010) 
  70( -0.4050, 0.0010)  71( -0.4000, 0.0010)  72( -0.3950, 0.0010) 
  73( -0.3900, 0.0010)  74( -0.3850, 0.0010)  75( -0.3800, 0.0010) 
  76( -0.3750, 0.0010)  77( -0.3700, 0.0010)  78( -0.3650, 0.0010) 
  79( -0.3600, 0.0010)  80( -0.3550, 0.0010)  81( -0.3500, 0.0010) 
  82( -0.3450, 0.0010)  83( -0.3400, 0.0010)  84( -0.3350, 0.0010) 
  85( -0.3300, 0.0010)  86( -0.3250, 0.0010)  87( -0.3200, 0.0010) 
  88( -0.3150, 0.0010)  89( -0.3100, 0.0010)  90( -0.3050, 0.0010) 
  91( -0.3000, 0.0010)  92( -0.2950, 0.0010)  93( -0.2900, 0.0010) 
  94( -0.2850, 0.0010)  95( -0.2800, 0.0010)  96( -0.2750, 0.0010) 
  97( -0.2700, 0.0010)  98( -0.2650, 0.0010)  99( -0.2600, 0.0010) 
 100( -0.2550, 0.0010) 101( -0.2500, 0.0010) 102( -0.2450, 0.0010) 
 103( -0.2400, 0.0010) 104( -0.2350, 0.0010) 105( -0.2300, 0.0010) 
 106( -0.2250, 0.0010) 107( -0.2200, 0.0010) 108( -0.2150, 0.0010) 
 109( -0.2100, 0.0010) 110( -0.2050, 0.0010) 111( -0.2000, 0.0010) 
 112( -0.1950, 0.0010) 113( -0.1900, 0.0010) 114( -0.1850, 0.0010) 
 115( -0.1800, 0.0010) 116( -0.1750, 0.0010) 117( -0.1700, 0.0010) 
 118( -0.1650, 0.0010) 119( -0.1600, 0.0010) 120( -0.1550, 0.0010) 
 121( -0.1500, 0.0010) 122( -0.1450, 0.0010) 123( -0.1400, 0.0010) 
 124( -0.1350, 0.0010) 125( -0.1300, 0.0010) 126( -0.1250, 0.0010) 
 127( -0.1200, 0.0010) 128( -0.1150, 0.0010) 129( -0.1100, 0.0010) 
 130( -0.1050, 0.0010) 131( -0.1000, 0.0010) 132( -0.0950, 0.0010) 
 133( -0.0900, 0.0010) 134( -0.0850, 0.0010) 135( -0.0800, 0.0010) 
 136( -0.0750, 0.0010) 137( -0.0700, 0.0010) 138( -0.0650, 0.0010) 
 139( -0.0600, 0.0010) 140( -0.0550, 0.0010) 141( -0.0500, 0.0010) 
 142( -0.0450, 0.0010) 143( -0.0400, 0.0010) 144( -0.0350, 0.0010) 
 145( -0.0300, 0.0010) 146( -0.0250, 0.0010) 147( -0.0200, 0.0010) 
 148( -0.0150, 0.0010) 149( -0.0100, 0.0010) 150( -0.0050, 0.0010) 
 151(  0.0000, 0.0010) 152(  0.0050, 0.0010) 153(  0.0100, 0.0010) 
 154(  0.0150, 0.0010) 155(  0.0200, 0.0010) 156(  0.0250, 0.0010) 
 157(  0.0300, 0.0010) 158(  0.0350, 0.0010) 159(  0.0400, 0.0010) 
 160(  0.0450, 0.0010) 161(  0.0500, 0.0010) 162(  0.0550, 0.0010) 
 163(  0.0600, 0.0010) 164(  0.0650, 0.0010) 165(  0.0700, 0.0010) 
 166(  0.0750, 0.0010) 167(  0.0800, 0.0010) 168(  0.0850, 0.0010) 
 169(  0.0900, 0.0010) 170(  0.0950, 0.0010) 171(  0.1000, 0.0010) 
 172(  0.1050, 0.0010) 173(  0.1100, 0.0010) 174(  0.1150, 0.0010) 
 175(  0.1200, 0.0010) 176(  0.1250, 0.0010) 177(  0.1300, 0.0010) 
 178(  0.1350, 0.0010) 179(  0.1400, 0.0010) 180(  0.1450, 0.0010) 
 181(  0.1500, 0.0010) 182(  0.1550, 0.0010) 183(  0.1600, 0.0010) 
 184(  0.1650, 0.0010) 185(  0.1700, 0.0010) 186(  0.1750, 0.0010) 
 187(  0.1800, 0.0010) 188(  0.1850, 0.0010) 189(  0.1900, 0.0010) 
 190(  0.1950, 0.0010) 191(  0.2000, 0.0010) 192(  0.2050, 0.0010) 
 193(  0.2100, 0.0010) 194(  0.2150, 0.0010) 195(  0.2200, 0.0010) 
 196(  0.2250, 0.0010) 197(  0.2300, 0.0010) 198(  0.2350, 0.0010) 
 199(  0.2400, 0.0010) 200(  0.2450, 0.0010) 201(  0.2500, 0.0010) 

   file to be accessed=data/fe                                                                                                                                                                                                                                                         

   lattice constant
   bravais=bcc   a=  5.27000   c/a= 1.0000   b/a= 1.0000
   alpha=  90.00   beta=  90.00   gamma=  90.00
   unit cell volume=    73.18159(a.u.)
   volume filling= 100.0%

   primitive translation vectors (in unit of a)
   a=( -0.50000  0.50000  0.50000)
   b=(  0.50000 -0.50000  0.50000)
   c=(  0.50000  0.50000 -0.50000)

   reciprocal lattice vectors (in unit of 2*pi/a)
   ga=(  0.00000  1.00000  1.00000)
   gb=(  1.00000  0.00000  1.00000)
   gc=(  1.00000  1.00000  0.00000)

   type of site
   type=Fe        rmt= 0.49237 field=  0.000   lmxtyp=  2
                  component= 1  anclr=  26.  conc= 1.0000

   atoms in the unit cell
   position=   0.00000000   0.00000000   0.00000000  type=Fe      

 ***msg in spmain...new ew, ez generated
   ew=   0.45000  ez=   1.20000

   preta= 0.35542  eta= 0.35542

   symop   E  C4*3   C2*3  C4^3*3   C3*4    C3^2*4      C2'*6
     g     1  1 1 1  1 1 1  1 1 1  1 1 1 1  1 1 1 1  1 1 1 1 1 1
     u     1  1 1 1  1 1 1  1 1 1  1 1 1 1  1 1 1 1  1 1 1 1 1 1

   last= 243   np= 19   nt= 273   nrpt= 169   nk=  329   nd=   1

   itr=  1      rms error =  0.245
   itr=  2      rms error = -0.412
   itr=  3      rms error = -0.968
   itr=  4      rms error = -1.457
   itr=  5      rms error = -2.013
   itr=  6      rms error = -1.939
   itr=  7      rms error = -2.969
   itr=  8      rms error = -2.905
   itr=  9      rms error = -3.629
   itr= 10      rms error = -4.314
   itr= 11      rms error = -4.424
   itr= 12      rms error = -4.622
   itr= 13      rms error = -5.397
   itr= 14      rms error = -5.756
   itr= 15      rms error = -6.237
   interval= 15     cpu time=      0.00 sec

         nl      cnf         energy
    -----------------------------------
         1s     2.000       -508.5203
         2s     2.000        -59.2074
         2p     6.000        -51.1807
         3s     2.000         -6.8027
         3p     6.000         -4.4563
         3d     6.000         -0.6696
         4s     2.000         -0.4930



   core configuration for Z= 26
   state  1s 2s 2p 3s 3p 3d 4s 4p 4d 5s 5p 4f 5d 6s 6p 5f 6d 7s
    up     1  1  3  1  3  0  0  0  0  0  0  0  0  0  0  0  0  0
   down    1  1  3  1  3  0  0  0  0  0  0  0  0  0  0  0  0  0

   ***** self-consistent iteration starts *****
       Fe
   itr=  1 neu=    3.5192  moment= -0.1289  te=  -2539.66193144  err=  0.935
   *** no convergence
   interval=  1     cpu time=     40.29 sec
   sdftyp=mjwas   reltyp=sra     dmpc= 0.03500
       Fe
   itr=  1  neu  3.5192  chr,spn 11.3276 -0.1289  intc,ints  0.0000  0.0000
   rms err=  0.933  0.935
   ef=   0.7000000   0.7000000  def=   3.3885425   0.4441382
   total energy=  -2539.661931436







                             *** type-Fe       Fe (z= 26.0) ***
   core charge in the muffin-tin sphere =18.0000000
   valence charge in the cell (spin up  ) =     0.36851(s)   0.56417(p)   4.66666(d)
   valence charge in the cell (spin down) =     0.43690(s)   0.59293(p)   4.69839(d)
   total charge=  29.32755   valence charge (up/down)=   5.59933   5.72822
   spin moment=  -0.12888  orbital moment=   0.00000
   orbital current (up/down)=   0.00000   0.00000

   core level  (spin up  )
      -513.0373326 Ry(1s)       -59.1188601 Ry(2s)       -50.3468604 Ry(2p) 
        -5.7109802 Ry(3s)        -3.2493448 Ry(3p) 
   core level  (spin down)
      -513.0373326 Ry(1s)       -59.1188601 Ry(2s)       -50.3468604 Ry(2p) 
        -5.7109802 Ry(3s)        -3.2493448 Ry(3p) 

   hyperfine field of Fe
     -300.854 kG (core=     0.000 kG  valence=  -300.854 kG )
   core contribution
        0.000 kG(1s)        0.000 kG(2s)        0.000 kG(3s)

   charge density at the nucleus
       15024.7642 (core=    15014.6663  valence=        9.9051 )
   core contribution
       13555.4958(1s)        1274.0876(2s)         185.0829(3s)




 
 sbtime report
  routine           1         2         3         4
  count          1062      1062      1062         2
  cpu(sec)      20.85     12.01      7.30      0.29
 
 total cpu           50.11 sec
 elapsed time         1.41 sec ( 47 threads)


